function data()
return {
	times = { 0, 120, 240, 360, 480, 600, 720, 840, 960, 1080, 1200, },
	transfs = {
		{ 1, 0, 0, 0, 0, 1, 0, 0, 0, 0, 1, 0, 0, 0, 0, 1, },
		{ 0.996, -0.087, 0, 0, 0.087, 0.996, 0, 0, 0, 0, 1, 0, 0, 0, 0, 1, },
		{ 0.985, -0.174, 0, 0, 0.174, 0.985, 0, 0, 0, 0, 1, 0, 0, 0, 0, 1, },
		{ 0.966, -0.259, 0, 0, 0.259, 0.966, 0, 0, 0, 0, 1, 0, 0, 0, 0, 1, },
		{ 0.94, -0.342, 0, 0, 0.342, 0.94, 0, 0, 0, 0, 1, 0, 0, 0, 0, 1, },
		{ 0.906, -0.423, 0, 0, 0.423, 0.906, 0, 0, 0, 0, 1, 0, 0, 0, 0, 1, },
		{ 0.866, -0.5, 0, 0, 0.5, 0.866, 0, 0, 0, 0, 1, 0, 0, 0, 0, 1, },
		{ 0.819, -0.574, 0, 0, 0.574, 0.819, 0, 0, 0, 0, 1, 0, 0, 0, 0, 1, },
		{ 0.766, -0.643, 0, 0, 0.643, 0.766, 0, 0, 0, 0, 1, 0, 0, 0, 0, 1, },
		{ 0.707, -0.707, 0, 0, 0.707, 0.707, 0, 0, 0, 0, 1, 0, 0, 0, 0, 1, },
		{ 0.643, -0.766, 0, 0, 0.766, 0.643, 0, 0, 0, 0, 1, 0, 0, 0, 0, 1, },
	},
}
end
