function data()
return {
	times = { 0, 10.417, 20.833, 31.25, 41.667, 52.083, 62.5, 72.917, 83.333, 93.75, 104.167, 114.583, 125, 135.417, 145.833, 156.25, 166.667, 177.083, 187.5, 197.917, 208.333, 218.75, 229.167, 239.583, 250, 260.417, 270.833, 281.25, 291.667, 302.083, 312.5, 322.917, 333.333, 343.75, 354.167, 364.583, 375, 385.417, 395.833, 406.25, 416.667, 427.083, 437.5, 447.917, 458.333, 468.75, 479.167, 489.583, 500, 510.417, 520.833, 531.25, 541.667, 552.083, 562.5, 572.917, 583.333, 593.75, 604.167, 614.583, 625, 635.417, 645.833, 656.25, 666.667, 677.083, 687.5, 697.917, 708.333, 718.75, 729.167, 739.583, 750, },
	transfs = {
		{ 1, 0, 0, 0, 0, 1, 0, 0, 0, 0, 1, 0, 0, 0, 0, 1, },
		{ 0.996, 0.087, 0, 0, -0.087, 0.996, 0, 0, 0, 0, 1, 0, 0, 0, 0, 1, },
		{ 0.985, 0.174, 0, 0, -0.174, 0.985, 0, 0, 0, 0, 1, 0, 0, 0, 0, 1, },
		{ 0.966, 0.259, 0, 0, -0.259, 0.966, 0, 0, 0, 0, 1, 0, 0, 0, 0, 1, },
		{ 0.94, 0.342, 0, 0, -0.342, 0.94, 0, 0, 0, 0, 1, 0, 0, 0, 0, 1, },
		{ 0.906, 0.423, 0, 0, -0.423, 0.906, 0, 0, 0, 0, 1, 0, 0, 0, 0, 1, },
		{ 0.866, 0.5, 0, 0, -0.5, 0.866, 0, 0, 0, 0, 1, 0, 0, 0, 0, 1, },
		{ 0.819, 0.574, 0, 0, -0.574, 0.819, 0, 0, 0, 0, 1, 0, 0, 0, 0, 1, },
		{ 0.766, 0.643, 0, 0, -0.643, 0.766, 0, 0, 0, 0, 1, 0, 0, 0, 0, 1, },
		{ 0.707, 0.707, 0, 0, -0.707, 0.707, 0, 0, 0, 0, 1, 0, 0, 0, 0, 1, },
		{ 0.643, 0.766, 0, 0, -0.766, 0.643, 0, 0, 0, 0, 1, 0, 0, 0, 0, 1, },
		{ 0.574, 0.819, 0, 0, -0.819, 0.574, 0, 0, 0, 0, 1, 0, 0, 0, 0, 1, },
		{ 0.5, 0.866, 0, 0, -0.866, 0.5, 0, 0, 0, 0, 1, 0, 0, 0, 0, 1, },
		{ 0.423, 0.906, 0, 0, -0.906, 0.423, 0, 0, 0, 0, 1, 0, 0, 0, 0, 1, },
		{ 0.342, 0.94, 0, 0, -0.94, 0.342, 0, 0, 0, 0, 1, 0, 0, 0, 0, 1, },
		{ 0.259, 0.966, 0, 0, -0.966, 0.259, 0, 0, 0, 0, 1, 0, 0, 0, 0, 1, },
		{ 0.174, 0.985, 0, 0, -0.985, 0.174, 0, 0, 0, 0, 1, 0, 0, 0, 0, 1, },
		{ 0.087, 0.996, 0, 0, -0.996, 0.087, 0, 0, 0, 0, 1, 0, 0, 0, 0, 1, },
		{ 0, 1, 0, 0, -1, 0, 0, 0, 0, 0, 1, 0, 0, 0, 0, 1, },
		{ -0.087, 0.996, 0, 0, -0.996, -0.087, 0, 0, 0, 0, 1, 0, 0, 0, 0, 1, },
		{ -0.174, 0.985, 0, 0, -0.985, -0.174, 0, 0, 0, 0, 1, 0, 0, 0, 0, 1, },
		{ -0.259, 0.966, 0, 0, -0.966, -0.259, 0, 0, 0, 0, 1, 0, 0, 0, 0, 1, },
		{ -0.342, 0.94, 0, 0, -0.94, -0.342, 0, 0, 0, 0, 1, 0, 0, 0, 0, 1, },
		{ -0.423, 0.906, 0, 0, -0.906, -0.423, 0, 0, 0, 0, 1, 0, 0, 0, 0, 1, },
		{ -0.5, 0.866, 0, 0, -0.866, -0.5, 0, 0, 0, 0, 1, 0, 0, 0, 0, 1, },
		{ -0.574, 0.819, 0, 0, -0.819, -0.574, 0, 0, 0, 0, 1, 0, 0, 0, 0, 1, },
		{ -0.643, 0.766, 0, 0, -0.766, -0.643, 0, 0, 0, 0, 1, 0, 0, 0, 0, 1, },
		{ -0.707, 0.707, 0, 0, -0.707, -0.707, 0, 0, 0, 0, 1, 0, 0, 0, 0, 1, },
		{ -0.766, 0.643, 0, 0, -0.643, -0.766, 0, 0, 0, 0, 1, 0, 0, 0, 0, 1, },
		{ -0.819, 0.574, 0, 0, -0.574, -0.819, 0, 0, 0, 0, 1, 0, 0, 0, 0, 1, },
		{ -0.866, 0.5, 0, 0, -0.5, -0.866, 0, 0, 0, 0, 1, 0, 0, 0, 0, 1, },
		{ -0.906, 0.423, 0, 0, -0.423, -0.906, 0, 0, 0, 0, 1, 0, 0, 0, 0, 1, },
		{ -0.94, 0.342, 0, 0, -0.342, -0.94, 0, 0, 0, 0, 1, 0, 0, 0, 0, 1, },
		{ -0.966, 0.259, 0, 0, -0.259, -0.966, 0, 0, 0, 0, 1, 0, 0, 0, 0, 1, },
		{ -0.985, 0.174, 0, 0, -0.174, -0.985, 0, 0, 0, 0, 1, 0, 0, 0, 0, 1, },
		{ -0.996, 0.087, 0, 0, -0.087, -0.996, 0, 0, 0, 0, 1, 0, 0, 0, 0, 1, },
		{ -1, 0, 0, 0, 0, -1, 0, 0, 0, 0, 1, 0, 0, 0, 0, 1, },
		{ -0.996, -0.087, 0, 0, 0.087, -0.996, 0, 0, 0, 0, 1, 0, 0, 0, 0, 1, },
		{ -0.985, -0.174, 0, 0, 0.174, -0.985, 0, 0, 0, 0, 1, 0, 0, 0, 0, 1, },
		{ -0.966, -0.259, 0, 0, 0.259, -0.966, 0, 0, 0, 0, 1, 0, 0, 0, 0, 1, },
		{ -0.94, -0.342, 0, 0, 0.342, -0.94, 0, 0, 0, 0, 1, 0, 0, 0, 0, 1, },
		{ -0.906, -0.423, 0, 0, 0.423, -0.906, 0, 0, 0, 0, 1, 0, 0, 0, 0, 1, },
		{ -0.866, -0.5, 0, 0, 0.5, -0.866, 0, 0, 0, 0, 1, 0, 0, 0, 0, 1, },
		{ -0.819, -0.574, 0, 0, 0.574, -0.819, 0, 0, 0, 0, 1, 0, 0, 0, 0, 1, },
		{ -0.766, -0.643, 0, 0, 0.643, -0.766, 0, 0, 0, 0, 1, 0, 0, 0, 0, 1, },
		{ -0.707, -0.707, 0, 0, 0.707, -0.707, 0, 0, 0, 0, 1, 0, 0, 0, 0, 1, },
		{ -0.643, -0.766, 0, 0, 0.766, -0.643, 0, 0, 0, 0, 1, 0, 0, 0, 0, 1, },
		{ -0.574, -0.819, 0, 0, 0.819, -0.574, 0, 0, 0, 0, 1, 0, 0, 0, 0, 1, },
		{ -0.5, -0.866, 0, 0, 0.866, -0.5, 0, 0, 0, 0, 1, 0, 0, 0, 0, 1, },
		{ -0.423, -0.906, 0, 0, 0.906, -0.423, 0, 0, 0, 0, 1, 0, 0, 0, 0, 1, },
		{ -0.342, -0.94, 0, 0, 0.94, -0.342, 0, 0, 0, 0, 1, 0, 0, 0, 0, 1, },
		{ -0.259, -0.966, 0, 0, 0.966, -0.259, 0, 0, 0, 0, 1, 0, 0, 0, 0, 1, },
		{ -0.174, -0.985, 0, 0, 0.985, -0.174, 0, 0, 0, 0, 1, 0, 0, 0, 0, 1, },
		{ -0.087, -0.996, 0, 0, 0.996, -0.087, 0, 0, 0, 0, 1, 0, 0, 0, 0, 1, },
		{ 0, -1, 0, 0, 1, 0, 0, 0, 0, 0, 1, 0, 0, 0, 0, 1, },
		{ 0.087, -0.996, 0, 0, 0.996, 0.087, 0, 0, 0, 0, 1, 0, 0, 0, 0, 1, },
		{ 0.174, -0.985, 0, 0, 0.985, 0.174, 0, 0, 0, 0, 1, 0, 0, 0, 0, 1, },
		{ 0.259, -0.966, 0, 0, 0.966, 0.259, 0, 0, 0, 0, 1, 0, 0, 0, 0, 1, },
		{ 0.342, -0.94, 0, 0, 0.94, 0.342, 0, 0, 0, 0, 1, 0, 0, 0, 0, 1, },
		{ 0.423, -0.906, 0, 0, 0.906, 0.423, 0, 0, 0, 0, 1, 0, 0, 0, 0, 1, },
		{ 0.5, -0.866, 0, 0, 0.866, 0.5, 0, 0, 0, 0, 1, 0, 0, 0, 0, 1, },
		{ 0.574, -0.819, 0, 0, 0.819, 0.574, 0, 0, 0, 0, 1, 0, 0, 0, 0, 1, },
		{ 0.643, -0.766, 0, 0, 0.766, 0.643, 0, 0, 0, 0, 1, 0, 0, 0, 0, 1, },
		{ 0.707, -0.707, 0, 0, 0.707, 0.707, 0, 0, 0, 0, 1, 0, 0, 0, 0, 1, },
		{ 0.766, -0.643, 0, 0, 0.643, 0.766, 0, 0, 0, 0, 1, 0, 0, 0, 0, 1, },
		{ 0.819, -0.574, 0, 0, 0.574, 0.819, 0, 0, 0, 0, 1, 0, 0, 0, 0, 1, },
		{ 0.866, -0.5, 0, 0, 0.5, 0.866, 0, 0, 0, 0, 1, 0, 0, 0, 0, 1, },
		{ 0.906, -0.423, 0, 0, 0.423, 0.906, 0, 0, 0, 0, 1, 0, 0, 0, 0, 1, },
		{ 0.94, -0.342, 0, 0, 0.342, 0.94, 0, 0, 0, 0, 1, 0, 0, 0, 0, 1, },
		{ 0.966, -0.259, 0, 0, 0.259, 0.966, 0, 0, 0, 0, 1, 0, 0, 0, 0, 1, },
		{ 0.985, -0.174, 0, 0, 0.174, 0.985, 0, 0, 0, 0, 1, 0, 0, 0, 0, 1, },
		{ 0.996, -0.087, 0, 0, 0.087, 0.996, 0, 0, 0, 0, 1, 0, 0, 0, 0, 1, },
		{ 1, 0, 0, 0, 0, 1, 0, 0, 0, 0, 1, 0, 0, 0, 0, 1, },
	},
}
end
