function data()
    return {
        times = { 0, 2010, 2080, 2150, 2220, 2290, 2360, 2430, 2500},
        transfs = {
            {1, 0, 0, 0, 0, 0.292, 0.956, 0, 0, -0.956, 0.292, 0, 0, 0, 0, 1,},
            {1, 0, 0, 0, 0, 0.292, 0.956, 0, 0, -0.956, 0.292, 0, 0, 0, 0, 1,},
            {1, 0, 0, 0, 0, 0.500, 0.866, 0, 0, -0.866, 0.500, 0, 0, 0, 0, 1, },
            {1, 0, 0, 0, 0, 0.643, 0.766, 0, 0, -0.766, 0.643, 0, 0, 0, 0, 1, },
            {1, 0, 0, 0, 0, 0.766, 0.643, 0, 0, -0.643, 0.766, 0, 0, 0, 0, 1, },
            {1, 0, 0, 0, 0, 0.866, 0.500, 0, 0, -0.500, 0.866, 0, 0, 0, 0, 1, },
            {1, 0, 0, 0, 0, 0.940, 0.342, 0, 0, -0.342, 0.940, 0, 0, 0, 0, 1, },
            {1, 0, 0, 0, 0, 0.985, 0.174, 0, 0, -0.174, 0.985, 0, 0, 0, 0, 1, },
            {1, 0, 0, 0, 0, 1, 0, 0, 0, 0, 1, 0, 0, 0, 0, 1, },
        },
    }
end
