function data()
return {
	times = { 0, 35.417, 70.833, 106.25, 141.667, 177.083, 212.5, 247.917, 283.333, 318.75, 354.167, 389.583, 425, 460.417, 495.833, 531.25, 566.667, 602.083, 637.5, 672.917, 708.333, 743.75, 779.167, 814.583, 850, },
	transfs = {
		{ 1, 0, 0, 0, 0, 1, 0, 0, 0, 0, 1, 0, 0, 0, 0, 1, },
		{ 0.996, 0.086, 0, 0, -0.086, 0.996, 0, 0, 0, 0, 1, 0, 0, 0, 0, 1, },
		{ 0.985, 0.171, 0, 0, -0.171, 0.985, 0, 0, 0, 0, 1, 0, 0, 0, 0, 1, },
		{ 0.967, 0.255, 0, 0, -0.255, 0.967, 0, 0, 0, 0, 1, 0, 0, 0, 0, 1, },
		{ 0.942, 0.337, 0, 0, -0.337, 0.942, 0, 0, 0, 0, 1, 0, 0, 0, 0, 1, },
		{ 0.909, 0.416, 0, 0, -0.416, 0.909, 0, 0, 0, 0, 1, 0, 0, 0, 0, 1, },
		{ 0.87, 0.492, 0, 0, -0.492, 0.87, 0, 0, 0, 0, 1, 0, 0, 0, 0, 1, },
		{ 0.825, 0.565, 0, 0, -0.565, 0.825, 0, 0, 0, 0, 1, 0, 0, 0, 0, 1, },
		{ 0.773, 0.634, 0, 0, -0.634, 0.773, 0, 0, 0, 0, 1, 0, 0, 0, 0, 1, },
		{ 0.716, 0.698, 0, 0, -0.698, 0.716, 0, 0, 0, 0, 1, 0, 0, 0, 0, 1, },
		{ 0.654, 0.757, 0, 0, -0.757, 0.654, 0, 0, 0, 0, 1, 0, 0, 0, 0, 1, },
		{ 0.587, 0.81, 0, 0, -0.81, 0.587, 0, 0, 0, 0, 1, 0, 0, 0, 0, 1, },
		{ 0.515, 0.857, 0, 0, -0.857, 0.515, 0, 0, 0, 0, 1, 0, 0, 0, 0, 1, },
		{ 0.44, 0.898, 0, 0, -0.898, 0.44, 0, 0, 0, 0, 1, 0, 0, 0, 0, 1, },
		{ 0.361, 0.933, 0, 0, -0.933, 0.361, 0, 0, 0, 0, 1, 0, 0, 0, 0, 1, },
		{ 0.28, 0.96, 0, 0, -0.96, 0.28, 0, 0, 0, 0, 1, 0, 0, 0, 0, 1, },
		{ 0.197, 0.981, 0, 0, -0.981, 0.197, 0, 0, 0, 0, 1, 0, 0, 0, 0, 1, },
		{ 0.112, 0.994, 0, 0, -0.994, 0.112, 0, 0, 0, 0, 1, 0, 0, 0, 0, 1, },
		{ 0.026, 1, 0, 0, -1, 0.026, 0, 0, 0, 0, 1, 0, 0, 0, 0, 1, },
		{ -0.06, 0.998, 0, 0, -0.998, -0.06, 0, 0, 0, 0, 1, 0, 0, 0, 0, 1, },
		{ -0.145, 0.989, 0, 0, -0.989, -0.145, 0, 0, 0, 0, 1, 0, 0, 0, 0, 1, },
		{ -0.229, 0.973, 0, 0, -0.973, -0.229, 0, 0, 0, 0, 1, 0, 0, 0, 0, 1, },
		{ -0.312, 0.95, 0, 0, -0.95, -0.312, 0, 0, 0, 0, 1, 0, 0, 0, 0, 1, },
		{ -0.392, 0.92, 0, 0, -0.92, -0.392, 0, 0, 0, 0, 1, 0, 0, 0, 0, 1, },
		{ -0.469, 0.883, 0, 0, -0.883, -0.469, 0, 0, 0, 0, 1, 0, 0, 0, 0, 1, },
	},
}
end
