function data()
return {
	times = { 0, 200, 400, 600, 800, 1000, 1200, 1400, 1600, 1800, 2000, 2200, 2400, 30000, },
	transfs = {
		{ 0.464, -0.803, -0.375, 0, 0.766, 0.576, -0.287, 0, 0.446, -0.154, 0.882, 0, 0, 0, 0, 1, },
		{ 0.608, -0.652, -0.454, 0, 0.635, 0.742, -0.216, 0, 0.477, -0.157, 0.865, 0, 0, 0, 0, 1, },
		{ 0.703, -0.457, -0.545, 0, 0.52, 0.853, -0.044, 0, 0.485, -0.252, 0.838, 0, 0, 0, 0, 1, },
		{ 0.784, -0.27, -0.559, 0, 0.326, 0.946, 0, 0, 0.529, -0.182, 0.829, 0, 0, 0, 0, 1, },
		{ 0.806, -0.071, -0.588, 0, 0.178, 0.976, 0.127, 0, 0.565, -0.206, 0.799, 0, 0, 0, 0, 1, },
		{ 0.799, 0.127, -0.588, 0, 0.031, 0.968, 0.25, 0, 0.6, -0.218, 0.769, 0, 0, 0, 0, 1, },
		{ 0.733, 0.342, -0.588, 0, -0.076, 0.9, 0.429, 0, 0.676, -0.27, 0.686, 0, 0, 0, 0, 1, },
		{ 0.799, 0.127, -0.588, 0, 0.031, 0.968, 0.25, 0, 0.6, -0.218, 0.769, 0, 0, 0, 0, 1, },
		{ 0.806, -0.071, -0.588, 0, 0.178, 0.976, 0.127, 0, 0.565, -0.206, 0.799, 0, 0, 0, 0, 1, },
		{ 0.784, -0.27, -0.559, 0, 0.326, 0.946, 0, 0, 0.529, -0.182, 0.829, 0, 0, 0, 0, 1, },
		{ 0.703, -0.457, -0.545, 0, 0.52, 0.853, -0.044, 0, 0.485, -0.252, 0.838, 0, 0, 0, 0, 1, },
		{ 0.608, -0.652, -0.454, 0, 0.635, 0.742, -0.216, 0, 0.477, -0.157, 0.865, 0, 0, 0, 0, 1, },
		{ 0.464, -0.803, -0.375, 0, 0.766, 0.576, -0.287, 0, 0.446, -0.154, 0.882, 0, 0, 0, 0, 1, },
		{ 0.464, -0.803, -0.375, 0, 0.766, 0.576, -0.287, 0, 0.446, -0.154, 0.882, 0, 0, 0, 0, 1, },
	},
}
end
